1783548845800 0.5566019550473853 1
1783549542751 0.4460999926298179 2
1783550241179 0.4109774183862927 3
1783550938394 0.39078313480554655 4
1783551636199 0.3715215208728544 5
1783552332448 0.355414720188657 6
1783553029126 0.3418002969119698 7
1783553726022 0.3367591550446708 8
1783554422499 0.3221739104059948 9
1783555119990 0.3099960310130634 10
1783555817589 0.2993971771687608 11
1783556515795 0.29178749687377026 12
1783557212995 0.28727213185365225 13
1783557910394 0.27401012095453386 14
1783558613939 0.2651171689768406 15
1783559314448 0.2578854168638248 16
1783560019596 0.2521844226231968 17
1783560727884 0.24289789324922656 18
1783561430352 0.23900675957768477 19
1783562131384 0.23041044946082614 20
1783562831864 0.22595982038712298 21
1783563532586 0.21950554990590634 22
1783564230607 0.2140559967374429 23
1783564927394 0.2072590115077963 24
1783565623006 0.20303753804711794 25
1783566318347 0.1980920773401687 26
1783567019469 0.194189880032685 27
1783567726252 0.18961494932459158 28
1783568423922 0.18332206839907236 29
1783569124076 0.18104543851222843 30
1783569824830 0.17896170197689737 31
1783570528722 0.17793339132119648 32
1783571230119 0.1710427383130247 33
1783571926798 0.16747962787154724 34
1783572622196 0.16262848928189752 35
1783573318924 0.1614512566117231 36
1783574019048 0.15980668223082004 37
1783574718612 0.15632228917357596 38
1783575418808 0.15316711329135366 39
